name: sra-tools-env
channels:
  - defaults
  - bioconda
  - conda-forge
dependencies:
  - _libgcc_mutex=0.1=conda_forge
  - _openmp_mutex=4.5=2_gnu
  - c-ares=1.19.1=h5eee18b_0
  - ca-certificates=2024.11.26=h06a4308_0
  - curl=8.11.1=hdbd6064_0
  - icu=58.2=he6710b0_3
  - krb5=1.20.1=h143b758_1
  - libcurl=8.11.1=hc9e6f67_0
  - libedit=3.1.20230828=h5eee18b_0
  - libev=4.33=h7f8727e_1
  - libgcc=14.2.0=h77fa898_1
  - libgcc-ng=14.2.0=h69a702a_1
  - libgomp=14.2.0=h77fa898_1
  - libnghttp2=1.57.0=h2d74bed_0
  - libnsl=2.0.0=h5eee18b_0
  - libssh2=1.11.1=h251f7ec_0
  - libstdcxx=14.2.0=hc0a3c3a_1
  - libstdcxx-ng=14.2.0=h4852527_1
  - libxml2=2.9.14=h74e7548_0
  - libzlib=1.2.13=h4ab18f5_6
  - lz4-c=1.9.4=h6a678d5_1
  - ncbi-vdb=3.1.1=h9948957_3
  - ncurses=6.4=h6a678d5_0
  - openssl=3.0.15=h5eee18b_0
  - ossuuid=1.6.2=hf484d3e_1000
  - perl=5.32.1=0_h5eee18b_perl5
  - perl-alien-build=2.48=pl5321hec16e2b_0
  - perl-alien-libxml2=0.17=pl5321hec16e2b_0
  - perl-business-isbn=3.007=pl5321hdfd78af_0
  - perl-business-isbn-data=20210112.006=pl5321hdfd78af_0
  - perl-capture-tiny=0.48=pl5321hdfd78af_2
  - perl-carp=1.38=pl5321hdfd78af_4
  - perl-constant=1.33=pl5321hdfd78af_2
  - perl-data-dumper=2.183=pl5321hec16e2b_1
  - perl-encode=3.19=pl5321hec16e2b_1
  - perl-exporter=5.72=pl5321hdfd78af_2
  - perl-extutils-makemaker=7.70=pl5321hd8ed1ab_0
  - perl-ffi-checklib=0.28=pl5321hdfd78af_0
  - perl-file-chdir=0.1010=pl5321hdfd78af_3
  - perl-file-path=2.18=pl5321hd8ed1ab_0
  - perl-file-temp=0.2304=pl5321hd8ed1ab_0
  - perl-file-which=1.24=pl5321hd8ed1ab_0
  - perl-importer=0.026=pl5321hdfd78af_0
  - perl-mime-base64=3.16=pl5321hec16e2b_2
  - perl-parent=0.236=pl5321hdfd78af_2
  - perl-path-tiny=0.122=pl5321hdfd78af_0
  - perl-pathtools=3.75=pl5321hec16e2b_3
  - perl-scope-guard=0.21=pl5321hdfd78af_3
  - perl-sub-info=0.002=pl5321hdfd78af_1
  - perl-term-table=0.023=pl5321hdfd78af_0
  - perl-test2-suite=0.000145=pl5321hdfd78af_0
  - perl-uri=5.12=pl5321hdfd78af_0
  - perl-xml-libxml=2.0207=pl5321h661654b_0
  - perl-xml-namespacesupport=1.12=pl5321hdfd78af_1
  - perl-xml-sax=1.02=pl5321hdfd78af_1
  - perl-xml-sax-base=1.09=pl5321hdfd78af_1
  - sra-tools=3.1.1=h4304569_2
  - xz=5.4.6=h5eee18b_1
  - zlib=1.2.13=h4ab18f5_6
  - zstd=1.5.6=hc292b87_0
prefix: /home/dmananesc/miniconda3/envs/sra-tools-env
